0
0.03811531
0.2029269
0.318507
0.892765
1.041803
1.508029
1.838453
1.895841
1.9925
2.012898
2.015562
2.18273
2.294015
2.359562
2.511173
2.632791
2.63577
2.690963
2.902809
2.904961
2.912359
3.037667
3.044596
3.230095
3.246298
3.261653
3.465441
3.529638
3.759738
3.773131
3.784927
3.884177
3.982786
4.090296
4.09517
4.198729
4.277254
4.345321
4.346173
4.362095
4.486028
4.499556
4.622565
4.881215
4.954218
5.149896
5.285659
5.613018
5.729892
5.805198
5.880199
6.14136
6.279923
6.393647
6.472977
6.511984
6.552216
6.684583
6.740812
7.095447
7.434849
7.543539
7.765718
7.793631
7.944287
8.076598
8.078156
8.110138
8.15658
8.344364
8.40226
8.485572
8.620868
8.659292
8.813675
8.872334
9.333284
9.386816
9.405854
9.465431
9.622384
9.695082
9.73775
9.801575
9.935918
10.13126
10.19808
10.22178
10.2527
10.30208
10.43903
10.46403
10.49279
10.53624
10.60612
10.73256
10.87313
10.98192
11.08721
11.13194
11.172
11.28418
11.29753
11.36039
11.37934
11.43079
11.5463
11.70825
11.79633
11.8355
11.84524
11.89977
12.14749
12.15754
12.43896
12.53971
12.57205
12.64305
12.86293
13.04218
13.04893
13.28867
13.33456
13.41225
13.5919
13.64895
13.7221
13.9642
14.1417
14.33725
14.35759
14.87015
15.06808
15.16363
15.38204
15.39812
15.60638
16.09704
16.09745
16.31677
16.49575
16.51183
16.55928
16.63273
16.81048
16.90179
16.92385
16.96593
16.97062
17.22014
17.31266
17.40851
17.772
17.80664
17.99168
18.68204
18.69094
18.82965
18.87413
18.87662
18.90896
18.92697
19.10422
19.38327
19.41062
19.68327
19.73722
19.7446
19.78717
19.91205
19.94692
19.94987
20.82208
20.82835
20.91314
20.972
20.99066
20.99267
21.1034
21.13074
21.49829
21.91389
21.94649
22.17477
22.23257
22.46049
22.51029
22.61686
22.84524
22.99592
23.02816
23.24078
23.24426
23.25678
23.38442
23.43377
23.44674
23.65683
23.72003
23.75229
24.28198
24.35332
24.40719
24.63774
24.70519
24.74652
24.89806
24.96921
25.04764
25.0618
25.07574
25.09108
25.18949
25.29391
25.39296
25.45168
25.62237
25.64558
25.74631
25.81106
26.02737
26.11107
26.25362
26.48456
26.73131
26.82167
27.03742
27.10104
27.25205
27.49597
27.63239
27.76673
27.88586
27.9646
27.9906
27.99411
28.19626
28.37559
28.51467
28.89599
29.31691
29.37447
29.51481
29.64979
30.01546
30.05424
30.14282
30.2815
30.49781
30.62874
30.70763
30.71834
30.84798
30.86872
30.99385
31.07587
31.3433
31.58913
31.90455
32.18874
32.28117
32.29598
32.37755
32.46429
32.49258
32.5069
32.83093
32.95717
33.08614
33.09117
33.25031
33.28661
33.29759
33.47846
33.63467
33.66185
33.71167
33.71242
33.72494
33.78246
33.80942
33.83039
34.09585
34.16588
34.39579
34.593
34.83786
34.97081
35.23928
35.34626
35.48819
35.51279
35.5275
35.59666
35.63629
35.66514
35.89869
35.98709
35.99539
36.05525
36.15687
36.56371
36.75772
36.78894
36.81085
36.81663
36.87391
36.89563
36.98253
37.14299
37.31451
37.58067
37.62202
37.82232
37.98196
37.98346
38.02698
38.09626
38.28894
38.36315
38.49054
38.55656
38.61597
38.74146
38.9982
39.00845
39.1787
39.33303
39.58551
39.89598
39.9355
39.95437
39.95783
40.18653
40.19817
41.40345
41.54484
41.57431
41.62508
42.00996
42.14091
42.36583
42.48618
42.49733
42.55793
43.02448
43.03191
43.26432
43.34117
43.58848
44.00753
44.06433
44.21682
44.31504
44.3177
44.38004
44.41163
44.43531
44.44754
44.50087
44.54108
44.61553
44.78985
44.86043
44.98395
45.15068
45.16003
45.42445
45.59739
45.66569
45.80997
45.92024
45.97036
46.11418
46.2133
46.40634
46.54189
46.61473
46.94601
46.95484
47.12138
47.17964
47.18528
47.22259
47.30756
47.38124
47.47803
47.49846
47.64523
47.80435
48.01245
48.08529
48.27765
48.5577
48.58576
48.6044
48.98383
49.3577
49.61239
49.97186
50.00425
50.06481
50.27967
50.28881
50.46703
50.50011
50.66317
50.7867
50.94166
51.25262
51.27115
51.30754
51.33729
51.47974
51.49415
51.50841
51.5303
51.85079
52.07032
52.11136
52.3229
52.51662
52.5184
52.61495
52.67627
52.70453
53.03845
53.09507
53.24746
53.5882
53.66164
53.72081
53.75179
53.8901
54.054
54.31092
54.52514
54.62516
54.76106
54.7654
54.77273
54.83436
54.84752
54.85172
54.88019
54.93661
55.21854
55.48164
55.60968
55.82204
55.88207
55.89961
56.00296
56.08743
56.19025
56.26848
56.28593
56.57371
56.77199
56.91009
56.91841
57.01345
57.11805
57.17211
57.51901
57.52004
57.54269
57.65586
57.67158
57.86426
57.89239
58.05761
58.11772
58.14234
58.25764
58.42491
58.45443
58.48388
58.56704
58.75778
58.88169
58.90035
59.12489
59.36989
59.4976
59.8739
59.89646
60.00191
60.02305
60.19129
60.21111
60.28189
60.30355
60.46857
60.89543
60.96824
61.15351
61.19746
61.1991
61.39783
61.54881
61.68099
61.71021
61.93624
62.0267
62.21247
62.23165
62.23841
62.25509
62.29493
62.35136
62.39525
62.49827
63.05919
63.13098
63.49915
63.50787
63.71464
63.7391
63.80473
63.82393
64.15786
64.27585
64.51379
64.65612
64.84125
65.07649
65.14328
65.23327
65.44922
65.57235
65.88929
65.89617
65.96346
65.99849
66.09631
66.41016
66.41409
66.43326
66.48033
66.51286
66.68179
66.76867
66.81322
66.88181
66.88258
67.0196
67.14537
67.19442
67.30154
67.33893
67.45836
67.59711
67.6353
67.65259
67.81165
67.81636
67.88128
67.89514
68.33965
68.51678
68.92071
68.95089
68.99775
69.18268
69.21605
69.45948
70.08526
70.175
70.2473
70.36956
70.37634
70.40086
70.96869
71.04218
71.06307
71.09845
71.11021
71.58178
71.67893
71.76121
71.97556
72.00878
72.20656
72.26313
72.50985
72.65942
72.66275
72.69759
73.16492
73.56107
73.81692
74.08157
74.24722
74.39178
74.50851
74.52945
74.68831
75.01513
75.09065
75.36222
75.56574
75.66368
75.78369
76.2143
76.44071
76.69155
76.76251
77.02128
77.07837
77.10879
77.1691
77.1779
77.34581
77.39465
77.4792
77.55917
77.92273
78.04892
78.08548
78.09079
78.10607
78.2402
78.26552
78.35635
78.67733
78.91694
79.06619
79.07786
79.07868
79.26491
79.2692
79.46574
79.55839
79.78974
79.9267
79.99412
80.17857
80.30008
80.33471
80.46674
80.63099
80.71164
80.72388
80.81251
81.2737
81.34992
81.42248
81.46446
81.6648
81.88326
81.91431
81.97592
82.17757
82.2144
82.44917
82.45723
82.5856
82.72939
82.73956
82.82523
82.90145
82.93115
83.07177
83.07699
83.09999
83.10703
83.30156
83.52064
83.62662
83.74665
83.77954
83.78685
83.85014
84.1466
84.36403
84.52581
84.5566
84.76134
84.76667
84.78306
85.11663
85.17884
85.27901
85.3498
85.35678
85.43096
85.90389
85.90696
85.9195
86.22301
86.25454
86.39909
86.43961
86.4445
86.53441
86.66157
86.8466
87.10238
87.38225
87.40736
87.53999
87.57311
87.7625
88.39816
88.5354
88.71332
89.07431
89.16458
89.23136
89.41677
89.44985
89.58289
89.63561
89.87956
90.13233
90.20681
90.31195
90.77933
90.78407
90.91154
90.93962
91.37185
91.49514
91.74921
91.82061
91.85572
91.95077
91.99309
92.14008
92.43749
92.56933
92.7271
92.82553
92.85624
93.13675
93.37263
93.49264
93.67246
93.81471
93.8233
93.85129
93.88096
93.88812
94.16075
94.26112
94.35761
94.49941
94.54349
94.60878
94.66689
94.93137
94.94285
94.96739
95.25135
95.34774
95.66061
95.68154
95.77098
95.79741
95.96781
96.07879
96.12548
96.40338
96.46942
96.47901
96.89723
96.92484
96.96895
97.32333
97.32609
97.67228
97.7195
97.73382
97.77084
97.83932
97.90882
97.97722
98.21628
98.29018
98.50557
98.64731
98.76299
98.79684
99.20969
99.21049
99.29315
99.57341
99.75171
99.85703
99.93689
99.98162
100.2023
100.2036
100.3218
100.4363
100.4399
100.4574
100.4992
100.5348
100.5354
100.5722
100.6092
100.6394
100.8404
100.847
100.9085
101.0522
101.1316
101.137
101.2273
101.3678
101.6565
101.6712
101.9148
101.9701
102.4442
102.5024
102.6166
102.9146
102.9214
102.9773
103.1288
103.2426
103.4043
103.5391
103.5845
103.9377
103.9515
103.9553
104.0055
104.3723
104.403
104.4101
104.4476
104.4546
104.7361
104.9186
104.9191
105.0899
105.2201
105.3007
105.5171
105.6731
105.6837
105.6876
105.7059
105.7972
106.0234
106.0348
106.0777
106.2961
106.3377
106.4173
106.5621
106.758
106.8122
106.9002
106.917
106.9583
107.0762
107.1902
107.1933
107.3709
107.5139
107.6557
107.9227
108.0317
108.1729
108.3631
108.5916
108.6972
108.9799
109.1705
109.3992
109.6314
109.6545
109.6706
109.6769
109.8733
109.895
109.9011
110.1367
110.3093
110.4482
110.469
110.5015
110.5078
110.519
110.6782
110.8785
110.9193
110.951
111.2351
111.2429
111.408
111.5237
111.8661
112.1641
112.185
112.287
112.6086
112.6103
112.7834
112.8651
112.886
113.0337
113.1627
113.9029
114.4243
114.4307
114.4871
114.8496
114.8683
115.0264
115.1435
115.1532
115.1684
115.4707
116.0224
116.0594
116.0708
116.1929
116.264
116.6087
116.6621
116.6682
116.6848
116.7471
116.8465
116.8472
116.8784
117.2177
117.2628
117.5129
117.698
117.7344
117.7702
117.8272
117.8474
117.8804
118.0773
118.5284
118.5464
118.553
118.6511
118.8689
118.8694
118.9037
118.9167
119.2639
119.2668
119.5095
119.5347
119.621
119.6701
119.6957
119.7012
119.7876
120.1426
120.1535
120.2072
120.6001
120.7057
120.8469
120.9223
120.9789
121.0489
121.1164
121.1349
121.2567
121.2865
121.4334
121.5202
121.7109
121.7154
121.7473
121.7831
121.9436
122.0094
122.3223
122.4216
122.5318
122.5437
122.7377
122.8768
123.1725
123.3569
123.6824
123.693
123.8018
123.8278
123.8433
123.8794
124.1025
124.3666
124.5143
124.5552
124.8568
125.0093
125.091
125.1074
125.2701
125.3259
125.3954
125.4651
125.5191
125.5306
125.7318
125.7496
126.079
126.1924
126.2583
126.3255
126.4165
126.8073
126.8835
126.8977
127.1042
127.1863
127.2013
127.4083
127.6999
127.9515
127.9757
128.0363
128.1048
128.4751
128.5063
128.6254
128.7787
129.1522
129.1793
129.3154
129.713
129.7409
129.8975
129.9218
130.1176
130.1241
130.1304
130.4872
130.5722
130.7421
130.7646
130.8241
130.9337
131.1501
131.4985
131.7424
131.78
131.7966
132.1405
132.3137
132.6987
133.0798
133.3122
133.3251
133.3752
133.7559
133.9982
134.0791
134.0948
134.2643
134.2779
134.5711
134.5858
134.5886
134.6761
134.703
134.7641
134.7757
134.8225
134.8291
134.8743
134.8923
134.9483
134.9926
135.1333
135.2201
135.2291
135.3303
135.3698
135.7517
135.905
135.9692
136.2126
136.2738
136.3303
136.561
136.5912
136.6695
136.7387
136.7634
136.8962
137.0212
137.2401
137.3299
137.4593
137.6256
137.6306
137.6962
137.7241
137.9061
137.9478
138.0738
138.2924
138.5949
138.6721
138.7619
139.1663
139.2438
139.3293
139.5364
139.8533
139.8576
140.0476
140.3032
140.562
140.8629
140.9175
141.0785
141.162
141.1668
141.181
141.2162
141.2188
141.2852
141.4967
141.6065
141.6454
141.7802
141.8208
142.0381
142.102
142.1924
142.2334
142.389
142.524
142.5896
142.7889
142.9249
142.9368
142.9935
143.0883
143.1546
143.1557
143.2951
143.3992
143.4274
143.5949
143.8063
143.811
143.9938
144.0028
144.0129
144.0266
144.0328
144.2991
144.4559
144.8732
144.9075
144.9836
145.1106
145.1928
145.2058
145.3716
145.4232
145.4251
145.548
145.6587
145.9134
146.2646
146.4568
146.6911
146.7294
147.109
147.1824
147.376
147.3849
147.5216
147.852
148.0288
148.313
148.4672
148.5208
148.545
148.625
148.9212
149.1468
149.1849
149.4212
149.4772
149.5748
149.9744
150.055
150.3036
150.4094
150.4151
150.5301
150.8336
150.8454
150.9369
151.0005
151.1422
151.2246
151.2465
151.2868
151.4259
151.678
151.8513
151.9326
152.0472
152.0985
152.1175
152.3164
152.3742
152.5167
152.5665
152.5936
152.6612
152.7464
152.7829
152.9244
153.0792
153.1454
153.3382
153.3525
153.4069
153.4238
153.9119
153.9618
154.0361
154.0458
154.2957
154.4662
154.5259
154.5381
154.6713
154.7366
154.9262
155.3829
155.5887
155.6027
155.6318
155.6586
155.7653
156.0401
156.2585
156.2955
156.3649
156.6946
156.7787
156.7967
156.8537
157.2331
157.2501
157.2623
157.2963
157.2965
157.3485
157.4174
157.4976
157.5891
157.619
157.8714
157.8885
157.95
158.1499
158.2064
158.3574
158.3724
158.4701
158.4794
158.5569
158.6065
158.6177
158.6842
158.7399
158.8237
158.8795
159.0592
159.1244
159.1787
159.658
159.6889
160.0592
160.1626
160.5949
160.6195
160.6365
160.6718
160.7884
160.829
160.8473
161.029
161.2303
161.2842
161.3592
161.4285
161.5067
161.5172
161.5432
161.5701
161.602
161.6265
161.6599
161.7899
161.859
161.9623
162.0273
162.0965
162.1408
162.1434
162.2709
162.2964
162.369
162.8118
163.0406
163.1724
163.2323
163.2612
163.8913
164.2334
164.5375
164.7055
164.7189
164.7492
164.8087
164.8668
164.8903
165.1908
165.7956
165.8782
165.9118
166.1051
166.1304
166.2254
166.302
166.3099
166.362
166.7196
167.2779
167.3898
167.475
167.573
167.7086
167.7205
167.7993
168.0484
168.156
168.3278
168.723
168.779
168.8249
169.028
169.1415
169.2425
169.2646
169.6386
169.8241
169.8828
170.0841
170.3652
170.3875
170.4428
170.4501
170.6212
170.6381
170.6428
170.7845
170.9985
171.0058
171.0609
171.0672
171.338
171.4407
171.4539
171.493
171.5118
171.5395
171.6346
171.6888
171.7282
171.7389
171.7911
171.8242
171.8988
171.9416
171.999
172.0354
172.2085
172.4914
172.5457
172.6316
172.8486
173.0892
173.114
173.1227
173.2428
173.6462
173.9003
173.9765
174.1453
174.1671
174.3449
174.4212
174.5628
174.6477
174.8537
175.1741
175.2306
175.3488
175.6441
176.0419
176.1465
176.2807
176.2905
176.5361
176.6358
176.7497
176.769
176.8969
177.0686
177.2318
177.253
177.3773
177.4962
177.5365
177.623
177.6348
177.6672
177.7661
177.848
178.2113
178.2136
178.2605
178.3014
178.4961
178.554
178.5808
178.5816
178.7022
178.8418
178.9418
178.9945
179.0517
179.1132
179.1742
179.4288
179.4445
179.6538
179.7307
179.8455
180.0477
180.1225
180.3789
180.4199
180.4439
180.635
181.0097
181.2097
181.2108
181.2402
181.2746
181.5167
181.5893
181.6785
181.8204
181.8775
182.0009
182.1451
182.2404
182.3252
182.5608
182.6764
182.7498
182.9263
183.1617
183.1833
183.2485
183.3381
183.4648
183.5097
183.5341
183.5767
183.6325
183.8625
183.9043
184.0782
184.4002
184.5506
184.5539
184.5865
184.6201
184.6715
184.7615
184.8043
185.0947
185.2098
185.2866
185.2881
185.3909
185.4584
185.8953
185.9456
186.0361
186.0657
186.1659
186.3746
186.6041
186.6369
186.721
186.7824
186.8137
187.1703
187.2341
187.2723
187.3273
187.6411
187.7126
187.7677
187.795
187.8585
187.9125
187.9647
188.0185
188.1158
188.2015
188.4876
188.5991
188.7522
188.7686
188.9376
188.9733
189.197
189.1972
189.5257
189.6069
189.6135
189.6728
189.7912
189.8389
189.8399
189.9522
190.2931
190.3793
190.3974
190.6427
190.8338
191.1627
191.2768
191.5007
191.515
191.5851
191.6327
191.7789
191.8623
191.9456
191.9488
192.0488
192.1023
192.1678
192.5366
192.7772
192.9542
192.9766
193.0126
193.0639
193.0956
193.1885
193.2777
193.3096
193.3184
193.3206
193.3829
193.78
194.2693
194.3738
194.4001
194.4526
194.6844
194.7209
194.8089
194.8951
194.918
195.2255
195.2438
195.4859
195.7058
196.0451
196.1686
196.297
196.3674
196.4131
196.47
196.4939
196.5081
196.7616
196.9245
197.1383
197.2431
197.3893
197.4444
197.7398
198.0498
198.2151
198.2527
198.2651
198.3827
198.4065
198.422
198.4343
198.4416
198.4614
198.7465
199.0403
199.2801
199.3295
199.3411
199.5391
199.6572
199.8897
199.954
